Mixture	cl6	cl4	cl5	cl0	cl1	cl2	cl3	cl9	cl10	cl7	cl11	cl8	cl15	cl14	cl12	cl13	cl16	P-value	Correlation	RMSE
A0R1	0.0130255060338108	0.481067356444348	0.0378898011304661	0.25344766974863	0.109577064010532	0	0	0.00666700435262736	0	0	0.0122096787885321	0	0.0244708659926525	0.0126855120206432	0.0135549896502245	0.0354045518275339	0	0	0.461761035082865	0.936520304773585
A0R2	0.0109465740985801	0.478485522534723	0.0300493176833013	0.275711696460459	0.105659842006965	0	0	0.00792541237094272	0	0	0.00490158759467983	0	0.0197019644521028	0.0123971886251633	0.0146384399871658	0.0395824541859169	0	0	0.508290478671508	0.927618393661794
A0R3	0.0165457335052524	0.479641567079586	0.0451867889450389	0.231062475366125	0.118598250153861	0	0	0.0113059992327633	0	0	0.0155980588001458	0	0.0232013950827491	0.0107085734671294	0.0171142973854065	0.031036860981942	0	0	0.477289471681587	0.934993166998886
A1R1	0.0112502137807236	0.425587220671916	0.0641081126624977	0.245167217635436	0.164173437965637	0	0	0.00977927773198945	0	0	0.0127449815882581	0	0.0212427909907233	0.00959495109714776	0.0123029503068446	0.0240488455688266	0	0	0.50570426461913	0.930924001408742
A1R2	0.010726339552721	0.467144263365385	0.0622064331286464	0.235264961888418	0.137348912960796	0	0	0.00600079460415899	0	0	0.0102538146055981	0	0.0212538543785171	0.00771088390901921	0.00942810920783611	0.0326616323989041	0	0	0.488202446022156	0.93536727351536
A1R3	0.00980549774886552	0.4648863921777	0.0759216925900516	0.223648482501098	0.152060540736588	0	0	0.0095186187366342	0	0	0.013694170082215	0	0.0190899120231895	0.00605049011533595	0.008998903234187	0.016325300054135	0	0	0.513665407880342	0.932668956746918
A4R1	0.0111869322593596	0.255811503535991	0.100902457076275	0.277512393098128	0.162923383228713	0	0.0814537059188148	0.0129855139055144	0	0.0173540081871829	0.00200474915515731	0	0.02332285490995	0.0124503312373093	0.00824247175703491	0.03384969573057	0	0	0.482040336794844	0.931578439351691
A4R2	0.00921548695164362	0.318557344659847	0.0954386434019085	0.247616956913829	0.123837033573125	0	0.0965876703592829	0.0124845174321201	0	0.0148838039045281	0	0	0.0288136977995664	0.0073870397773899	0.00679845662468679	0.0383793486020724	0	0	0.456316906285581	0.937572223092134
A4R3	0.00610258616469836	0.33889805826923	0.07375472816056	0.276473441817494	0.117404332184286	0	0.106626078648668	0.00387132602786258	0	0.00458664666999738	0.00088208416128313	0	0.0198208143460131	0.00595341970660424	0.00734991389122758	0.0382765699520757	0	0	0.479832330401555	0.934900668876219
A8R1	0.00866819581854736	0.300380604780084	0.0396300253315798	0.193168296728546	0	0	0.348857988840989	0.00928754869040713	0	0.027037025804219	0.000257500238182963	0	0.0161960958562036	0.00699501632356457	0.00295216792574804	0.0465695336619282	0	0	0.465955711892719	0.944170171064792
A8R2	0.00765092769043923	0.30330684736024	0.0350485965968119	0.20827481979395	0	0	0.329934276517989	0.00490234909432995	0	0.0224551872911441	0	0	0.0170448027838387	0.00679640465066698	0.0049662430712873	0.059619545149303	0	0	0.45980437061526	0.943996503130487
A8R3	0.00902218729027743	0.280298483862478	0.0335817407235309	0.20624663607911	0	0	0.352181222346223	0.00923436180286053	0	0.031017244228112	0.000744729724778204	0	0.0191284373153805	0.00736369918564884	0.00532120724020226	0.0458600502013984	0	0	0.494698443707128	0.93791917956962
A12R1	0.00732299790698216	0.486011042171264	0.0464344306946733	0.125269411518663	0	0	0.219203381693079	0.00647889298991564	0	0.0299277674210622	0.00253124146758899	0	0.018287978255151	0.00720923429740052	0.00285064423195441	0.0484729773522653	0	0	0.435342613053494	0.951936657546101
A12R2	0.00421228382343953	0.479448117049915	0.0411234551363804	0.134795610388598	0	0	0.231540507619343	0.00339357872995424	0	0.0303983124270343	0.00299258085655803	0	0.0147831795722829	0.00767577998342064	0.00283913346320036	0.0467974609498737	0	0	0.452215751427895	0.95042993851745
A12R3	0.00485175863714686	0.475976282141376	0.0471475750840333	0.141410726146406	0	0	0.225112777782771	0.00321831304841831	0	0.0266734075354649	0.00345856930634386	0	0.0164573564452796	0.00542556596029744	0.00365363722517345	0.0466140306872901	0	0	0.419770039055892	0.954146246927157
A16R1	0.0055537748157826	0.544153485210758	0.061648345507711	0.151604314075967	0	0	0.14268435381177	0.00415267794784977	0	0.0192202476290583	0.00625770335224366	0	0.0195475621680436	0.00517974487422803	0.00532101266872222	0.0346767779378657	0	0	0.417081390637665	0.952860093341068
A16R2	0.00568775828186487	0.546454839454218	0.0733961228528898	0.139717157440186	0	0	0.137403771684825	0.00399922746053	0	0.0317073967635902	0.00361814463068646	0	0.0173520945939669	0.00266425927727016	0.00486656717512459	0.0331326603848483	0	0	0.421735659637041	0.953171128330721
A16R3	0.00412053255904755	0.545195609944511	0.073359089641227	0.133324205068563	0	0	0.152398492117927	0.00238189909758593	0	0.0232103824055726	0.0024378287706884	0	0.0140361816119534	0.00616941483138106	0.00567974477713419	0.0376866191744096	0	0	0.411218885771701	0.955513162130393
A20R1	0.00934297562018795	0.598223127607372	0.0195720226146586	0.20494651984604	0	0	0.0747553368172916	0.00531203272637459	0	0.0105320503022502	0.00713756773621188	0	0.0152690520945486	0.00853936673641092	0.00942701744483235	0.0369429304538216	0	0	0.458627088578834	0.943784305529988
A20R2	0.0117418450181389	0.621030586052445	0.0202916991936659	0.199063511571886	0	0	0.0622734065953513	0.00910737130059031	0	0.0079936332635824	0.00619003073674966	0	0.0169480553669229	0.0022861318016123	0.00734278825064027	0.035730940848416	0	0	0.45673114174076	0.943925060482142
A20R3	0.0141534752515512	0.614255956862317	0.0153558494624798	0.18643451347471	0	0	0.0658439093761891	0.00976371125223505	0	0.0105681713497981	0.0136439378590471	0	0.0195883350040143	0.00964173834078643	0.00871750667261509	0.0320328950942562	0	0	0.462387295514557	0.94274886787124
B0R1	0.00988496601327921	0.404243881947223	0.10013848798331	0.194508477935247	0.209834202723681	0	0	0.032569173776275	0	0	0.0132446755215469	0	0.0114068683827341	0.00226463278031052	0.0113795121580216	0.00546209861564374	0.00506302216272783	0	0.591104806035884	0.918541626293501
B0R2	0.00864740012305499	0.424169440749658	0.0980551463706027	0.209572413967376	0.195438082179693	0	0	0.018459769054853	0	0	0.00866260305438009	0	0.0190553709349664	0.00108720887898148	0.0112237119446524	0.00530474720079812	0.00032410554098285	0	0.587602185180167	0.920038821834795
B0R3	0.0087827384805505	0.418780593195607	0.100410475514169	0.198708063222516	0.209035983273799	0	0	0.0245432387278329	0	0	0.0113188951896716	0	0.0104597384795754	0.00220206294952284	0.0107479187084062	0.00339183850295211	0.00161845375539758	0	0.583854312523249	0.92241814448155
B1R1	0.00779477475394285	0.408779729184819	0.120595144903052	0.179223276640118	0.236717681806991	0	0	0.0239909209507831	0	0	0.00134807871775921	0	0.0104177455726322	0.000893601024004545	0.00745142306438576	0.00278762338151348	0	0	0.562715460668444	0.927439254900098
B1R2	0.0102706002860599	0.386688715724376	0.141163199572725	0.19641070550639	0.205061756711119	0	0	0.0277601279233399	0	0.00621453013180479	0.000450031006233489	0	0.0123500231849023	0.000731389063294425	0.00672054201802348	0.00553687305997476	0.000641505811757417	0	0.556906986127436	0.925385856630303
B1R3	0.00787263738684665	0.389742639918759	0.119021289411764	0.192022541488186	0.237818580719225	0	0	0.0253812491390378	0	0.00189040120643518	0.00131073592481858	0	0.0122798986723979	0.000849269198821024	0.00789894710656552	0.0035288622943173	0.000382947532824728	0	0.565184664498306	0.925370996115301
B4R1	0.00756892977146978	0.241252336398052	0.106931642015889	0.288615405002491	0.205515241887857	0	0.0560631911272665	0.0269132869905871	0	0.0359213147912929	0	0	0.0163026058475873	0.00081955846491627	0.00593826055799236	0.00815822714459963	0	0	0.553219624129848	0.917767976005308
B4R2	0.00715466843120266	0.257799887828543	0.128556359266465	0.261086164467116	0.184123111946784	0	0.0541360708733743	0.0339148622175679	0.00688083943455573	0.0388877111947014	0	0	0.0184935109482155	0.00215866246546866	0.00375922825798155	0.00304892266802451	0	0	0.557211232911853	0.917056049348337
B4R3	0.00750261170900368	0.258194115981678	0.106798919533907	0.273052629027073	0.225585971974859	0	0.0521380014071923	0.0349349245597365	0.000457843953114714	0.0224776175427996	0	0	0.00929672848378908	0.000354785638671158	0.00513528460883933	0.00407056557933652	0	0	0.568960918306012	0.915842324435971
B8R1	0.0064642517404607	0.167713169708942	0.0681181277287801	0.218899092813511	0	0	0.432515685557325	0.0264071628801375	0	0.050665226286864	0.00147845889157213	0	0.0154785001869955	0.00189550155457854	0.00593756024710192	0.00442726240373174	0	0	0.541681660291307	0.926625067411816
B8R2	0.00618951183111943	0.186150247052822	0.0752884571223491	0.20746504817143	0	0	0.422407571042392	0.030111686522534	0	0.0460531718421115	0	0	0.0137947850975167	0.00205942858348967	0.00510671858538928	0.00537337414884721	0	0	0.535319293507957	0.92819282253662
B8R3	0.00641609260782507	0.197399951379341	0.078197546979981	0.222277987659041	0	0	0.404124429733231	0.0279534935581732	0	0.0389110183514967	0	0	0.0107062250301244	0.00263778172389267	0.00671172987572802	0.00466374310116567	0	0	0.550720075172733	0.925682944920179
B12R1	0.00562080489304005	0.450612356828148	0.0796844204869275	0.126917682935082	0	0	0.226330901070549	0.02319580594871	0.00544414592645764	0.0484739118704481	0	0	0.0115592748781284	0.000415146212941031	0.00372372549344756	0.01802182345612	0	0	0.455189187103487	0.947772888348539
B12R2	0.00467531899035893	0.4398405583315	0.0993359875148823	0.147020580187876	0	0	0.22499647175287	0.0172806515231523	0.00273263963187136	0.0386345545847576	1.65450679173337e-05	0	0.0105085568910527	0.000859161994631591	0.00351614106600235	0.0105828324631273	0	0	0.451035988974379	0.948827852563269
B12R3	0.00622419698782081	0.429660942265265	0.110023865920258	0.104951710775304	0	0	0.237544236482381	0.0175844993433532	0.0411292489502428	0.0305319353329484	0	0	0.0103311872082979	0	0.00288427954411911	0.00913389719001036	0	0	0.399093821223534	0.956645519413754
B16R1	0.00737962026247877	0.522767015073593	0.104364166496342	0.145849444402802	0	0	0.114466003100038	0.0167314091191857	0.00106650321463349	0.0441316670553094	0.00420549407644264	0	0.00975852332567426	0.00127909727359154	0.00298329105094195	0.0250177655489672	0	0	0.435837192693071	0.950412211068983
B16R2	0.0150929004062987	0.551118476708499	0.0993935042720347	0.117964193972566	0	0	0.086137187229122	0.0316637767636022	0.0148409947305142	0.0459291952467147	0.00163503637483986	0	0.00881328709251139	0.00137408245560903	0.00320572448408127	0.0228316402636061	0	0	0.499327848501658	0.938173120508561
B16R3	0.015749132952905	0.585734083985683	0.0959062372077638	0.106086956702375	0	0	0.0911844313356584	0.0281053397496374	0.0122726619837022	0.030424652363256	0.00245541821418477	0	0.00768395079400466	0.000623412868538271	0.00303215852150195	0.02074156332079	0	0	0.446600345161143	0.947591224147011
B20R1	0.0068155939494297	0.592111703144607	0.0646868741807866	0.12475733222497	0	0.0205355379553194	0.0588475597224987	0.025036466279133	0	0	0.0416669024163078	0	0.010838277504085	0.00099675814877193	0.00777754289692865	0.0221529886966324	0.02377646288053	0	0.363218520498795	0.959324957935153
B20R2	0.009720897005587	0.664061016591322	0.0384094935036156	0.106103254000828	0	0.00111678551801457	0.069517855824284	0.0241241450470047	0.00650533470390903	0	0.028502740538034	0	0.00965809375537745	0.000495451133961654	0.00715165294716444	0.0214254198824436	0.0132078595484544	0	0.419270252759886	0.95200710076952
B20R3	0.00984161755576709	0.647256525816381	0.0476917525624127	0.165816333572044	0	0	0.0415743322475567	0.0257733141415545	0.0028861040128477	0.00357758509283571	0.0116654725796705	0	0.00858184553999297	0.00161029475037078	0.00866589940648889	0.0195488568021569	0.0055100659199203	0	0.556248832221817	0.928808967675478
C0R1	0.0114712917525991	0.350173265278064	0.0869351934482907	0.0545396340292467	0.220207453007184	0	0	0.0600439989526693	0.146251328617024	0	0.0417666289995711	0	0.00249543367838158	7.17883991904347e-05	0.00705508538871984	0	0.0189888984490592	0	0.341929255321621	0.955005776582147
C0R2	0.0154413161328462	0.439253686731036	0.100892078344399	0.0959618683013022	0.185992126218056	0.0065936409292127	0	0.0598613058363365	0.00604389580989628	0	0.0304148797558395	0.0196836798723172	0.00643964281263443	0.000229972126566384	0.00501507637298663	0.000634639571300054	0.0275421911852721	0	0.32869710995179	0.958616647017142
C0R3	0.0170457349365344	0.532800740627373	0.108601596379635	0.101184379734401	0.128912209485322	0	0	0.0562002939797749	0	0	0.0172622098506499	0	0.0067761323367929	0.001263214186955	0.00821754192812448	0.00413855607982332	0.0175973904746127	0	0.571350618180125	0.916734348536463
C1R1	0.0131117078196369	0.366152934382567	0.138574051902482	0.0919860089813695	0.234837041078336	0	0	0.0659357702130451	0.0139129182675494	0	0.0441582371123379	0	0.00834392777408766	0	0.00140009970919973	0	0.0215873027593888	0	0.533078703577883	0.919767251500254
C1R2	0.00876980332787702	0.262559053032947	0.0952785825673323	0.0637127053705089	0.231150692078661	0	0	0.0489343269620605	0.245321866955471	0	0.0211024429684677	0	0.00493569191274579	0.000830149218778724	1.55684427132102e-05	0	0.0173891171624372	0	0.586114780964186	0.904820606241744
C1R3	0.0139418202638898	0.32157260149848	0.068093064116414	0.0456766480152727	0.252871456617007	0.0300268174315566	0	0.0708239155234181	0.111492724731742	0	0.0614164083789413	0	0.00328021554207891	6.62948896725441e-05	0.00234254248529565	0.000209477096124471	0.0181860134101075	0	0.320311304584366	0.958052857556293
C4R1	0.0156505730927616	0	0.10264805489089	0.0666853661337193	0.291269489148518	0	0.167394752028083	0.0945296185263552	0.194177719174574	0.00695030323996256	0.018828443979121	0	0.00166958764303606	0	0.000939415549464001	0	0.0392566765935147	0	0.411910365515106	0.930404310008169
C4R2	0.0115389299964522	0.091147185088301	0.234725372488371	0.0881851893342682	0.247145818135054	0.0391998755550756	0.100121282912889	0.0844883041157182	0.0196081583749016	0.0352726401656234	0.00739653270057427	0	0.0061620041690264	4.2144239374885e-06	0.00320687155098719	0	0.0317976209888194	0	0.333770963315091	0.952249302554429
C4R3	0.0114869863591865	0.0601934551587073	0.114075172374043	0.102409989185938	0.316026041857496	0	0.118138118702287	0.0799108073437201	0.16399200917874	0.00614360638665423	0.00250871425833941	0	0.00680829247300898	0	0.00160094222874855	0	0.0167058644931306	0	0.384105776570537	0.941031184106915
C8R1	0.00545022681672795	0.132122716901187	0.111091887089662	0.0688944734261583	0.00816410936883517	0	0.494509371555047	0.0443768951634797	0.0828980032308129	0.0441039082334854	0	0	0.00671761418927579	0	0.000305173121670098	0	0.00136562090365822	0	0.540466892078755	0.927488508417435
C8R2	0.0120536923371045	0.0658195434833598	0.109984713972417	0.091719000242013	0	0	0.559641206156752	0.0672819739232581	0.02959855727142	0.0329947837988282	0.00197219025858688	0	0.00579182017703958	4.25071385390717e-05	0.00492643650933877	0	0.0181735747313436	0	0.4553612737223	0.933201790399034
C8R3	0.0121419699868879	0.0217896384081901	0.107216188383637	0.0265188014915871	0	0	0.553706553679723	0.0755475724980213	0.138371806356391	0.0398365085377326	0	0	0.00720778332806054	0	0	0	0.0176631773297701	0	0.446132796146406	0.930257894914543
C12R1	0.00487065542010777	0.369217377181913	0.0998398208505875	0.0142696346481716	0	0	0.181285071662618	0.0282788089636658	0.271278614641069	0.0175060916921539	0.00685907486879495	0	0.00623439002450453	0.000360460046414254	0	0	0	0	0.486775850856707	0.929129854690401
C12R2	0.014232621039394	0.370842617159495	0.111603910962428	0.0454523881881247	0	0	0.128618172614277	0.0359469839589898	0.245011078388771	0.0254015559122053	0.0138043100950654	0	0.00514363109600575	0.000636285112554151	0.00207877208230895	0.00122767339038109	0	0	0.50792114206133	0.924839708428985
C12R3	0.0117320294094208	0.368258908969251	0.0616166068749711	0	0	0	0.180494309066529	0.0418251082278525	0.298780287182159	0.0142166592828075	0.0154007923468449	0	0.00365433100099171	0.00222407929966067	0.00134191737413594	0	0.000454970965376061	0	0.284991334909985	0.96386969648389
C16R1	0.00826696850043138	0.59600936321124	0.1257302824473	0.0505767789003286	0	0	0.0875041467927044	0.038678690208538	0.0697033896275163	0.00352050078312688	0.00922925973772392	0	0.00495533308509441	0	0.00270077331953516	0	0.00312451338646097	0	0.38038328710073	0.955027133081255
C16R2	0.0123378361242442	0.513891195158312	0.132210469574981	0.0212797436898226	0	0	0.065443747094383	0.0482954087967826	0.135971543863854	0.0192525732647133	0.0378810170166384	0	0.00576262080364899	1.35108870881147e-05	0.00235078277924219	0.000457566542828999	0.00485198440346015	0	0.297721528434158	0.964978036627578
C16R3	0.0130671847146407	0.530483275769636	0.0852079811617852	0.0104000821002691	0	0	0.0205726057746672	0.0477243942871549	0.243452559393316	0.00782904405255258	0.0335674338041971	0	0.00236605097531438	0	0.000441783348978701	0	0.00488760461748802	0	0.35035173915487	0.952414949394148
C20R1	0.0101737799893601	0.588776551343683	0.0984451136323582	0.0892752804254834	0	0	0.0621364585558943	0.0449510247766604	0.0404290850149374	0	0.0144199675188401	0	0.00827951155583921	1.7341318522635e-05	0.00179916392678022	0.0026801982160283	0.0386165237256123	0	0.463949391661394	0.939383347566284
C20R2	0.0125294452647291	0.557627147344339	0.104024717327222	0.0670873568746983	0	0	0.0490698336326655	0.0660539180888563	0.0571500553414559	0	0.0447508363569104	0	0.00696680567195097	0	0.00371665887082306	0	0.0310232252263496	0	0.363351131699187	0.951059654459482
C20R3	0.00992530835160695	0.588230192152423	0.0737566079727648	0.0919662043628752	0	0	0.0811407247165846	0.05282580895439	0.025744489437958	0	0.0214105089688794	0	0.00455072802990266	6.66948759788999e-05	0.0114222224827399	0.014159694404716	0.0248008152891811	0	0.427053325621341	0.943752604424167
